[
  {
    "index": 0,
    "origin_world": [
      -54.99999999999998,
      -39.99999999999999,
      1.127986593019159e-13
    ],
    "rotation_world": [
      [
        0.9999999999999998,
        -3.301507592574816e-20,
        2.189557761767027e-18
      ],
      [
        -3.301507592574816e-20,
        1.0,
        9.248345227111562e-18
      ],
      [
        2.189557761767027e-18,
        9.248345227111562e-18,
        1.0
      ]
    ]
  },
  {
    "index": 1,
    "origin_world": [
      -146.44505656656074,
      -38.13287088913998,
      16.45540383535602
    ],
    "rotation_world": [
      [
        0.9998325005225732,
        -0.014224475035101634,
        0.011516736028675116
      ],
      [
        0.014251654297159563,
        0.9998958374573685,
        -0.0022813560050804504
      ],
      [
        -0.011483085324627105,
        0.0024451064196540986,
        0.9999310777278722
      ]
    ]
  },
  {
    "index": 2,
    "origin_world": [
      -90.74775090691352,
      -38.14350587314275,
      14.38209652463859
    ],
    "rotation_world": [
      [
        0.9997712504968016,
        -0.015827120489228335,
        -0.014385719901394233
      ],
      [
        0.01579337917610038,
        0.9998722602963135,
        -0.0024560668029823987
      ],
      [
        0.014422754739017113,
        0.0022283058497975143,
        0.999893503728661
      ]
    ]
  },
  {
    "index": 3,
    "origin_world": [
      -22.694103323083493,
      -38.11008369716048,
      13.458064782830231
    ],
    "rotation_world": [
      [
        0.9997931592953675,
        -0.018596555649314263,
        -0.0082344850580128
      ],
      [
        0.01863751504197314,
        0.9998141732716657,
        0.004925642918025518
      ],
      [
        0.008141354877961237,
        -0.005078094433705192,
        0.9999539645892072
      ]
    ]
  },
  {
    "index": 4,
    "origin_world": [
      28.130019330798525,
      -37.905660659910076,
      13.544609260150782
    ],
    "rotation_world": [
      [
        0.9998018071429199,
        -0.01948255147300602,
        0.004095927471839054
      ],
      [
        0.019381415126321983,
        0.9995375852606585,
        0.0234302453890885
      ],
      [
        -0.004550514416422887,
        -0.023346216811153717,
        0.9997170834686944
      ]
    ]
  },
  {
    "index": 5,
    "origin_world": [
      -141.2189921886732,
      -36.9886575246854,
      63.532681885706786
    ],
    "rotation_world": [
      [
        0.8927245565684854,
        -0.013442385357733762,
        0.4504022295409894
      ],
      [
        0.0023051742723684586,
        0.9996780885216359,
        0.02526668758073195
      ],
      [
        -0.45059688444459306,
        -0.02151793683470812,
        0.892468165327595
      ]
    ]
  },
  {
    "index": 6,
    "origin_world": [
      -76.4216138038277,
      -36.755055770440414,
      69.35575691329824
    ],
    "rotation_world": [
      [
        0.8819931330889352,
        -0.013467213687159063,
        0.47106979030656104
      ],
      [
        0.0031383086941541133,
        0.9997372791472603,
        0.02270514703262418
      ],
      [
        -0.47125180551643864,
        -0.01854742135007671,
        0.8818036793747003
      ]
    ]
  },
  {
    "index": 7,
    "origin_world": [
      15.528115647472243,
      -36.69180401148638,
      61.47099601928718
    ],
    "rotation_world": [
      [
        0.8509946820177318,
        -0.014831407338941043,
        0.5249648374261701
      ],
      [
        0.004055464454185656,
        0.9997569263779476,
        0.021671210565631604
      ],
      [
        -0.5251586468731136,
        -0.016313108706359793,
        0.8508479759032954
      ]
    ]
  },
  {
    "index": 8,
    "origin_world": [
      38.85603391152284,
      -36.59879015109507,
      59.968727139148854
    ],
    "rotation_world": [
      [
        0.8885193953238015,
        -0.016031276887611908,
        0.4585589191093974
      ],
      [
        0.006347270140467378,
        0.9997232666109584,
        0.022651762811716675
      ],
      [
        -0.45879515722726416,
        -0.017215933261576593,
        0.8883752671854067
      ]
    ]
  },
  {
    "index": 9,
    "origin_world": [
      49.19752589290171,
      -37.8195029619705,
      12.917595017195067
    ],
    "rotation_world": [
      [
        0.9222165551534675,
        -0.0225414335741513,
        -0.3860162032522625
      ],
      [
        0.029154042938643654,
        0.9995112336626859,
        0.011284306023289361
      ],
      [
        0.3855731670918007,
        -0.021660506792724108,
        0.922422980667915
      ]
    ]
  },
  {
    "index": 10,
    "origin_world": [
      -9.228085370185745,
      -37.81348450416778,
      22.009322497963716
    ],
    "rotation_world": [
      [
        0.8830195569250789,
        -0.019676090747208014,
        -0.4689235689755238
      ],
      [
        0.029203492982243087,
        0.9994882462191116,
        0.013053798967373858
      ],
      [
        0.4684267478330751,
        -0.025220965936144625,
        0.8831422789062793
      ]
    ]
  },
  {
    "index": 11,
    "origin_world": [
      -89.90321318885675,
      -38.25425048121657,
      10.257525601925927
    ],
    "rotation_world": [
      [
        0.9182232984711739,
        -0.01754262116618142,
        -0.3956743997118563
      ],
      [
        0.024499472586723855,
        0.9996212457600028,
        0.012535584078635503
      ],
      [
        0.39530462935271876,
        -0.02120427946995646,
        0.9183053024699736
      ]
    ]
  },
  {
    "index": 12,
    "origin_world": [
      -148.55218252738567,
      25.1437869362874,
      23.975477470745428
    ],
    "rotation_world": [
      [
        0.9999121229635228,
        -0.012869873193742264,
        0.003180049458307412
      ],
      [
        0.012869379019939184,
        0.9999171706563922,
        0.0001758128453749369
      ],
      [
        -0.0031820487459239444,
        -0.00013487213368199982,
        0.9999949281747813
      ]
    ]
  },
  {
    "index": 13,
    "origin_world": [
      -84.38743726825246,
      25.164622074318952,
      23.14136378476745
    ],
    "rotation_world": [
      [
        0.999885789152795,
        -0.014328018090633913,
        0.004807967126180585
      ],
      [
        0.0143303225552004,
        0.9998972165474661,
        -0.00044519219825927593
      ],
      [
        -0.004801094224849216,
        0.0005140410722341208,
        0.9999883425600621
      ]
    ]
  },
  {
    "index": 14,
    "origin_world": [
      -11.310897182636726,
      25.222267119829056,
      20.99855918958255
    ],
    "rotation_world": [
      [
        0.9996870666510643,
        -0.018360944866350513,
        -0.01698954014107393
      ],
      [
        0.018177465717963536,
        0.9997754503726003,
        -0.01089167445053168
      ],
      [
        0.017185706580254013,
        0.010579439298892023,
        0.9997963427385891
      ]
    ]
  },
  {
    "index": 15,
    "origin_world": [
      38.19531229249615,
      25.38022331540394,
      13.845948918874882
    ],
    "rotation_world": [
      [
        0.9998187273592305,
        -0.01678067325628169,
        -0.008995633765071329
      ],
      [
        0.017086364349197122,
        0.9992392424940965,
        0.035056988078707566
      ],
      [
        0.008400510406866036,
        -0.03520433588196304,
        0.9993448284551304
      ]
    ]
  },
  {
    "index": 16,
    "origin_world": [
      28.38845070984572,
      26.503338786833353,
      62.89517561406798
    ],
    "rotation_world": [
      [
        0.8099023216776825,
        -0.014445838936904789,
        0.5863868578664676
      ],
      [
        0.0018177804568758106,
        0.9997537012734071,
        0.022118599963233784
      ],
      [
        -0.5865619532626631,
        -0.01684798289208446,
        0.8097291031308912
      ]
    ]
  },
  {
    "index": 17,
    "origin_world": [
      69.09736466382863,
      26.652878940668913,
      60.43130630795958
    ],
    "rotation_world": [
      [
        0.8859547600920492,
        -0.016451983282046428,
        0.4634797679687076
      ],
      [
        0.006606977609068892,
        0.9997169084097571,
        0.0228571845709467
      ],
      [
        -0.46372460676258387,
        -0.017188231023707062,
        0.8858126516353007
      ]
    ]
  },
  {
    "index": 18,
    "origin_world": [
      -55.64681100987183,
      26.70506604725577,
      76.81690897808137
    ],
    "rotation_world": [
      [
        0.8670567042527616,
        -0.012013441411912129,
        0.49806460307452194
      ],
      [
        0.0008061042654246494,
        0.999741753572787,
        0.022710710229358205
      ],
      [
        -0.49820881345702,
        -0.019289981561711397,
        0.8668424740430621
      ]
    ]
  },
  {
    "index": 19,
    "origin_world": [
      -142.64853830034437,
      26.27329140157692,
      68.72653408896795
    ],
    "rotation_world": [
      [
        0.870390543187382,
        -0.011435558108858136,
        0.49222914413991475
      ],
      [
        0.0004248139458578062,
        0.9997473120867931,
        0.02247513088601251
      ],
      [
        -0.4923617794499137,
        -0.01935303557509564,
        0.8701754640019124
      ]
    ]
  },
  {
    "index": 20,
    "origin_world": [
      -126.07986682358285,
      25.478622654414245,
      84.53066380763751
    ],
    "rotation_world": [
      [
        0.8175074853001673,
        0.2015771489751724,
        0.5394887992250044
      ],
      [
        -0.03141645504286317,
        0.9509598902024325,
        -0.30771463010184813
      ],
      [
        -0.5750604471103327,
        0.2346101878376526,
        0.7837496678991612
      ]
    ]
  },
  {
    "index": 21,
    "origin_world": [
      -126.71325586356944,
      -37.471901586845945,
      93.4436240488197
    ],
    "rotation_world": [
      [
        0.8600644278478065,
        0.18053165264354107,
        0.4771765945062863
      ],
      [
        -0.02903043646843815,
        0.9511022802339998,
        -0.3075088393723634
      ],
      [
        -0.5093588260836137,
        0.2506247691818944,
        0.8232501511468097
      ]
    ]
  },
  {
    "index": 22,
    "origin_world": [
      -50.32166290318944,
      -38.00149190404445,
      64.2389356719789
    ],
    "rotation_world": [
      [
        0.9973800455532762,
        0.03637710081709603,
        0.06252800387258002
      ],
      [
        -0.015429749656733379,
        0.9514520155827826,
        -0.30741012486414787
      ],
      [
        -0.07067508441931349,
        0.30563993289425273,
        0.9495205442025567
      ]
    ]
  },
  {
    "index": 23,
    "origin_world": [
      12.246822672293218,
      -37.28001662436161,
      86.16529844283856
    ],
    "rotation_world": [
      [
        0.9073633613188348,
        0.14861740831614606,
        0.39319791006766225
      ],
      [
        -0.022917406371476955,
        0.9515114753652534,
        -0.3067583816840924
      ],
      [
        -0.4197219591841605,
        0.26933024002816813,
        0.8667725761611169
      ]
    ]
  },
  {
    "index": 24,
    "origin_world": [
      18.285353097767803,
      -37.4760164409768,
      76.019302241759
    ],
    "rotation_world": [
      [
        0.9982605656757255,
        0.029566888891892334,
        0.05100629469030105
      ],
      [
        -0.01248611680342525,
        0.9515565150447154,
        -0.3072202720575704
      ],
      [
        -0.057618919670109764,
        0.3060490120180277,
        0.9502705206091782
      ]
    ]
  },
  {
    "index": 25,
    "origin_world": [
      19.885413226026458,
      25.60838108943826,
      76.8579401085059
    ],
    "rotation_world": [
      [
        0.9161170975204365,
        0.1422727044894406,
        0.37481721036792204
      ],
      [
        -0.022343058531964836,
        0.9515796258100636,
        -0.3065893075086223
      ],
      [
        -0.40028771073587566,
        0.2724971436555614,
        0.8749371722206072
      ]
    ]
  },
  {
    "index": 26,
    "origin_world": [
      -49.280956257233385,
      24.76523873167106,
      52.23822762533029
    ],
    "rotation_world": [
      [
        0.9984269956891912,
        0.03157001232129243,
        0.046334313430630485
      ],
      [
        -0.015937817523718752,
        0.9521233107013073,
        -0.3052985214372358
      ],
      [
        -0.05375425798608984,
        0.30407981771438747,
        0.9511287737247515
      ]
    ]
  },
  {
    "index": 27,
    "origin_world": [
      -126.9649825649686,
      -40.48563567006347,
      77.93992880160538
    ],
    "rotation_world": [
      [
        0.9347283513481046,
        -0.06533355094945728,
        0.3493056488326364
      ],
      [
        -0.0655814126394084,
        0.9343561395010379,
        0.35025374072654325
      ],
      [
        -0.34925919816416306,
        -0.35030005951619775,
        0.8690845072837706
      ]
    ]
  },
  {
    "index": 28,
    "origin_world": [
      -60.010171665598264,
      -40.91703851852931,
      58.48760453702563
    ],
    "rotation_world": [
      [
        0.9945637587441154,
        0.024725234283405142,
        0.10115133505004774
      ],
      [
        -0.05996459287011321,
        0.930157061937774,
        0.36223209097098164
      ],
      [
        -0.08513035530701055,
        -0.3663284085583844,
        0.9265831423506384
      ]
    ]
  },
  {
    "index": 29,
    "origin_world": [
      9.417415792330967,
      -40.50114026469822,
      65.91033912012801
    ],
    "rotation_world": [
      [
        0.9302361227264059,
        -0.07528736899239682,
        0.3591553536356459
      ],
      [
        -0.06499252152495569,
        0.929453307739907,
        0.36317009909569087
      ],
      [
        -0.3611602526867697,
        -0.36117635692490785,
        0.8597179252974083
      ]
    ]
  },
  {
    "index": 30,
    "origin_world": [
      5.305156931205489,
      -40.93907767002723,
      49.41954578700139
    ],
    "rotation_world": [
      [
        0.9945049306042065,
        0.02165117210078319,
        0.10242641139170956
      ],
      [
        -0.05768682774671449,
        0.9297796427850017,
        0.3635684884132774
      ],
      [
        -0.08736230828247588,
        -0.3674793090899905,
        0.9259194265605949
      ]
    ]
  },
  {
    "index": 31,
    "origin_world": [
      60.035707904140956,
      18.068830457041116,
      1.8018706940607025
    ],
    "rotation_world": [
      [
        -0.9991587617787278,
        -0.04093058327336075,
        -0.002540888368596293
      ],
      [
        0.04086949841007582,
        -0.9989506922427115,
        0.020668782439130885
      ],
      [
        -0.0033842075155045464,
        0.0205475502362154,
        0.9997831491472449
      ]
    ]
  },
  {
    "index": 32,
    "origin_world": [
      1.034139627401604,
      109.17169882316932,
      2.3286086659922365
    ],
    "rotation_world": [
      [
        -0.9950731363428651,
        -0.09808625601652293,
        -0.01444090403799489
      ],
      [
        0.09784126275457997,
        -0.995060314819688,
        0.0167945578546507
      ],
      [
        -0.016016885819743674,
        0.015298897071523843,
        0.9997546714654713
      ]
    ]
  },
  {
    "index": 33,
    "origin_world": [
      22.04740722613305,
      -99.52398382178221,
      4.363714314900173
    ],
    "rotation_world": [
      [
        0.9693109326478948,
        0.24401325414529149,
        0.029897285005378783
      ],
      [
        -0.2447831864640391,
        0.96924174905278,
        0.025526917511111986
      ],
      [
        -0.022748790600357928,
        -0.032061872910562,
        0.9992269656247713
      ]
    ]
  },
  {
    "index": 34,
    "origin_world": [
      -30.581371346330656,
      4.5714298529976345,
      5.105940894295919
    ],
    "rotation_world": [
      [
        -0.9989774391946002,
        0.04327329282425573,
        -0.01309572862977145
      ],
      [
        -0.04341854225104473,
        -0.9989962133551193,
        0.011017980347001147
      ],
      [
        -0.012605799022380236,
        0.01157531123896358,
        0.9998535422754317
      ]
    ]
  }
]