[
  {
    "index": 0,
    "origin_world": [
      -54.99999999999998,
      -40.0,
      -2.9531932455029164e-14
    ],
    "rotation_world": [
      [
        0.9999999999999998,
        -6.030874584450618e-19,
        0.0
      ],
      [
        -6.030874584450618e-19,
        1.0,
        -6.938893903907228e-18
      ],
      [
        0.0,
        -6.938893903907228e-18,
        0.9999999999999998
      ]
    ]
  },
  {
    "index": 1,
    "origin_world": [
      -2.115467547537546,
      -39.34129523156012,
      -8.551288733113944
    ],
    "rotation_world": [
      [
        0.9999995439787575,
        -0.0009471872847785513,
        0.00012197755929937038
      ],
      [
        0.0009473305914374066,
        0.9999988548318715,
        -0.0011802117167948392
      ],
      [
        -0.00012085953808306234,
        0.0011803267316666116,
        0.9999992961106415
      ]
    ]
  },
  {
    "index": 2,
    "origin_world": [
      40.64135229613683,
      -38.68411542914829,
      -13.251107672174665
    ],
    "rotation_world": [
      [
        0.9994582053806035,
        -0.0026046805736984445,
        -0.03281023219199939
      ],
      [
        0.002330820490899503,
        0.9999621516706929,
        -0.008382273078173151
      ],
      [
        0.032830823523376906,
        0.008301256846216784,
        0.9994264486001707
      ]
    ]
  },
  {
    "index": 3,
    "origin_world": [
      126.30131425786075,
      -37.03405897874878,
      -10.523745032602504
    ],
    "rotation_world": [
      [
        0.9976869116026668,
        -0.00665724886770928,
        -0.06764988879700004
      ],
      [
        0.005843661651528549,
        0.9999082913680392,
        -0.012217220303770829
      ],
      [
        0.06772501779427999,
        0.011793637732345298,
        0.997634317810791
      ]
    ]
  },
  {
    "index": 4,
    "origin_world": [
      25.74402060977246,
      24.495697441518054,
      -10.63496476542591
    ],
    "rotation_world": [
      [
        0.9999797673408372,
        -0.001344276857082518,
        0.006217542014087652
      ],
      [
        0.0012684693380558391,
        0.9999250111603579,
        0.012180436835198781
      ],
      [
        -0.006233449647173304,
        -0.012172303631168897,
        0.9999064851923937
      ]
    ]
  },
  {
    "index": 5,
    "origin_world": [
      -59.95720306210053,
      22.935659741618835,
      -14.977405192594771
    ],
    "rotation_world": [
      [
        0.9994714229281834,
        0.0007167867912309958,
        0.03250170713372757
      ],
      [
        -0.0008857820532573598,
        0.9999861629941306,
        0.005185480732810624
      ],
      [
        -0.03249754052331973,
        -0.0052115292354682,
        0.9994582281531145
      ]
    ]
  },
  {
    "index": 6,
    "origin_world": [
      107.7021547645382,
      26.035204068933893,
      -7.158774807780605
    ],
    "rotation_world": [
      [
        0.9998334183411017,
        -0.004314319139284843,
        0.017734774278599933
      ],
      [
        0.003824282822509937,
        0.9996124763387508,
        0.02757303046100782
      ],
      [
        -0.017846860486986076,
        -0.02750061450721803,
        0.9994624584107615
      ]
    ]
  },
  {
    "index": 7,
    "origin_world": [
      100.0995414468763,
      26.515571486188342,
      24.913743082872898
    ],
    "rotation_world": [
      [
        0.7841048419807667,
        -0.0038161461986589307,
        0.6206166560853066
      ],
      [
        -0.012901563039677915,
        0.9996647824695968,
        0.022447101397438517
      ],
      [
        -0.6204942759231955,
        -0.02560780580612347,
        0.7837927620413098
      ]
    ]
  },
  {
    "index": 8,
    "origin_world": [
      118.12970339014034,
      26.35567660572475,
      -2.2375197724398093
    ],
    "rotation_world": [
      [
        0.854299444286136,
        -0.011937258597087235,
        -0.519644071792978
      ],
      [
        0.012358528852293632,
        0.9999201119827523,
        -0.0026526245506887647
      ],
      [
        0.5196342235236306,
        -0.004155900574623707,
        0.8543787229521854
      ]
    ]
  },
  {
    "index": 9,
    "origin_world": [
      42.83082661106771,
      25.81464028669404,
      36.924012537174704
    ],
    "rotation_world": [
      [
        0.8217411605088877,
        -0.00023849884884169807,
        0.5698608674438047
      ],
      [
        -0.013992717816698008,
        0.9996899576026128,
        0.020595934467479527
      ],
      [
        -0.5696890985209465,
        -0.02489842940399154,
        0.8214830486623602
      ]
    ]
  },
  {
    "index": 10,
    "origin_world": [
      30.851136750052614,
      24.29104035663005,
      -25.275778161698284
    ],
    "rotation_world": [
      [
        0.8434476616067552,
        -0.010359139362508648,
        -0.5371114692145039
      ],
      [
        0.010351707416278663,
        0.9999418291289355,
        -0.0030299359476178567
      ],
      [
        0.5371116125012219,
        -0.0030044283893995993,
        0.8435058323013481
      ]
    ]
  },
  {
    "index": 11,
    "origin_world": [
      29.780962422224846,
      24.42133158247931,
      -16.768755029670785
    ],
    "rotation_world": [
      [
        0.9372890582329337,
        -0.007225999769338592,
        -0.3484781287888163
      ],
      [
        0.008468157600726271,
        0.9999620607615791,
        0.0020414074324112547
      ],
      [
        0.34845015658436795,
        -0.004864356564784338,
        0.9373146891047531
      ]
    ]
  },
  {
    "index": 12,
    "origin_world": [
      -37.78337988258467,
      24.437567020669928,
      36.35269461345063
    ],
    "rotation_world": [
      [
        0.8804827181795905,
        0.001042810176626386,
        0.4740770987234192
      ],
      [
        -0.011616469421797514,
        0.9997447881582777,
        0.019375659692839685
      ],
      [
        -0.4739359034988291,
        -0.02256703563376931,
        0.8802701223360093
      ]
    ]
  },
  {
    "index": 13,
    "origin_world": [
      -34.17974822242978,
      -38.84359856968513,
      41.103332897234765
    ],
    "rotation_world": [
      [
        0.9096643702829509,
        0.00029420490391386656,
        0.4153440102868913
      ],
      [
        -0.010538228519918123,
        0.9996941696860869,
        0.022372144182156453
      ],
      [
        -0.4152104035033139,
        -0.02472813254412321,
        0.9093892677415407
      ]
    ]
  },
  {
    "index": 14,
    "origin_world": [
      37.57727205276684,
      -37.53699987489513,
      46.33585245354174
    ],
    "rotation_world": [
      [
        0.8379880799367365,
        -0.0007652105049667195,
        0.5456879990771499
      ],
      [
        -0.01315223907710825,
        0.9996801969848682,
        0.021599128768394444
      ],
      [
        -0.5455300142899557,
        -0.02527683147030472,
        0.837710024590623
      ]
    ]
  },
  {
    "index": 15,
    "origin_world": [
      117.48564050244485,
      -36.18442779661655,
      38.08632474266085
    ],
    "rotation_world": [
      [
        0.7986159064165035,
        -0.0020411121948399617,
        0.6018375759950141
      ],
      [
        -0.01382706802066952,
        0.9996680732472218,
        0.02173834216628423
      ],
      [
        -0.6016821803980056,
        -0.025682234933797104,
        0.7983226018348141
      ]
    ]
  },
  {
    "index": 16,
    "origin_world": [
      -10.931080237520993,
      -31.150224376355432,
      -14.021606085250944
    ],
    "rotation_world": [
      [
        0.6619232208077285,
        0.7495684686450339,
        -0.0021818727417025965
      ],
      [
        -0.7492274101614079,
        0.6617046423420985,
        0.02837700064744506
      ],
      [
        0.022714260242228824,
        -0.017148676801852256,
        0.9995949105840793
      ]
    ]
  },
  {
    "index": 17,
    "origin_world": [
      8.75705500421609,
      -29.66999299940832,
      44.69014881640075
    ],
    "rotation_world": [
      [
        0.5922623787616714,
        0.6644088207463846,
        0.4558357090202187
      ],
      [
        -0.7563921973870135,
        0.6534123584832544,
        0.03038311230595768
      ],
      [
        -0.27766187789398133,
        -0.3627853479617799,
        0.8895452056352381
      ]
    ]
  },
  {
    "index": 18,
    "origin_world": [
      102.09744716388735,
      -28.787822518761477,
      6.845046391325456
    ],
    "rotation_world": [
      [
        0.6527322172758699,
        0.7361833433318782,
        0.17881481351058326
      ],
      [
        -0.7511380467707278,
        0.6596244867038432,
        0.026213951135745907
      ],
      [
        -0.09865235538791003,
        -0.15142530020240821,
        0.983533472351108
      ]
    ]
  },
  {
    "index": 19,
    "origin_world": [
      54.58797055677509,
      -44.28889641048484,
      16.192788165736033
    ],
    "rotation_world": [
      [
        0.6116557898886298,
        0.7814192897130104,
        -0.12353577765218991
      ],
      [
        -0.6571695228946998,
        0.5887946260472436,
        0.4705837932995986
      ],
      [
        0.44046045551680296,
        -0.20665135373933813,
        0.8736645838785211
      ]
    ]
  },
  {
    "index": 20,
    "origin_world": [
      -15.673056590960536,
      -45.76612229510862,
      1.1718537727187248
    ],
    "rotation_world": [
      [
        0.6003184195452818,
        0.7859550239885597,
        -0.14796112807693104
      ],
      [
        -0.6597203486328932,
        0.5912334056492756,
        0.46390960503534834
      ],
      [
        0.452091646410713,
        -0.180880513907667,
        0.873438826097254
      ]
    ]
  },
  {
    "index": 21,
    "origin_world": [
      -0.953447960017648,
      -26.79717258185033,
      57.295229994032255
    ],
    "rotation_world": [
      [
        0.6970546499766096,
        0.6466191739438493,
        0.30983618064093266
      ],
      [
        -0.5934631252668339,
        0.7627973781933001,
        -0.25679111894680057
      ],
      [
        -0.40238828747182614,
        -0.004878904549343324,
        0.9154560952857813
      ]
    ]
  },
  {
    "index": 22,
    "origin_world": [
      30.088548231608563,
      23.317433979072707,
      16.7743182127951
    ],
    "rotation_world": [
      [
        0.9997168120451897,
        0.01340879310615979,
        0.019659602784375035
      ],
      [
        -0.007233034758788831,
        0.9582691024373102,
        -0.28577615457236794
      ],
      [
        -0.022671103245791933,
        0.28555302761733753,
        0.9580947184366432
      ]
    ]
  },
  {
    "index": 23,
    "origin_world": [
      72.60436800395489,
      -38.77659812607184,
      47.908437288128276
    ],
    "rotation_world": [
      [
        0.908373987091655,
        0.13060005674576194,
        0.3972408900820931
      ],
      [
        -0.016292662150670677,
        0.9603089841754003,
        -0.2784622130057417
      ],
      [
        -0.4178411764477669,
        0.24647571906785193,
        0.8744475233967623
      ]
    ]
  },
  {
    "index": 24,
    "origin_world": [
      38.081937629836375,
      -63.089754648313104,
      -26.362741988214903
    ],
    "rotation_world": [
      [
        0.9997744730771081,
        0.010054791248887264,
        -0.01870572522869089
      ],
      [
        -0.009715079721599545,
        0.9997878222639016,
        0.018163911440211025
      ],
      [
        0.01888439062805438,
        -0.01797808737730918,
        0.9996600262913691
      ]
    ]
  },
  {
    "index": 25,
    "origin_world": [
      -3.2634397398901553,
      -117.01004788772447,
      -25.05993745911936
    ],
    "rotation_world": [
      [
        0.9562632737922276,
        -0.29200372499729593,
        -0.017157382780407054
      ],
      [
        0.292090448075716,
        0.9563867997574399,
        0.002731188871135534
      ],
      [
        0.015611577085524174,
        -0.007623243235392652,
        0.9998490710219601
      ]
    ]
  },
  {
    "index": 26,
    "origin_world": [
      71.65264558290497,
      -115.74829523535628,
      -25.468939383201082
    ],
    "rotation_world": [
      [
        0.9557965956390522,
        -0.2936748318604437,
        -0.014420849369577481
      ],
      [
        0.29376921960444674,
        0.9558638908502554,
        0.004885466365204295
      ],
      [
        0.012349630674408547,
        -0.00890591378530542,
        0.9998840789420812
      ]
    ]
  },
  {
    "index": 27,
    "origin_world": [
      70.64572850031881,
      10.481493538577517,
      -26.432992201673166
    ],
    "rotation_world": [
      [
        0.997675628632001,
        -0.06788309546406028,
        0.005935097636876989
      ],
      [
        0.06769336939954552,
        0.9973185543348734,
        0.027808432511287125
      ],
      [
        -0.007806905473916064,
        -0.02734202863021347,
        0.9995956510996363
      ]
    ]
  },
  {
    "index": 28,
    "origin_world": [
      -37.438359350921296,
      35.433814648432005,
      -29.32882777828309
    ],
    "rotation_world": [
      [
        0.9997547855347829,
        -0.012032513450957454,
        -0.018589981720107236
      ],
      [
        0.012359025619760466,
        0.9997695997606292,
        0.01754998234191342
      ],
      [
        0.018374528185275886,
        -0.01777543289272855,
        0.9996731519348935
      ]
    ]
  }
]