[
  {
    "index": 0,
    "origin_world": [
      -55.00000000000002,
      -39.999999999999986,
      4.1744385725905886e-14
    ],
    "rotation_world": [
      [
        1.0000000000000002,
        7.308539420555168e-19,
        -2.086811568887862e-18
      ],
      [
        7.308539420555168e-19,
        1.0,
        -1.8319215645394853e-18
      ],
      [
        -2.086811568887862e-18,
        -1.8319215645394853e-18,
        0.9999999999999999
      ]
    ]
  },
  {
    "index": 1,
    "origin_world": [
      -146.40912715540694,
      -38.12419940830279,
      16.723941765967098
    ],
    "rotation_world": [
      [
        0.9998405418764279,
        -0.014250335442045767,
        0.01076191247133841
      ],
      [
        0.014296988477165243,
        0.9998886728951074,
        -0.004270589718610568
      ],
      [
        -0.010699857042754318,
        0.004423771676982476,
        0.999932969405157
      ]
    ]
  },
  {
    "index": 2,
    "origin_world": [
      -90.72800653418544,
      -38.14406185652337,
      14.50137999771421
    ],
    "rotation_world": [
      [
        0.999762769251701,
        -0.015857433879264644,
        -0.014931410145568777
      ],
      [
        0.015806754606443683,
        0.9998689184152166,
        -0.003506065600674252
      ],
      [
        0.014985050116102898,
        0.003269216718009042,
        0.9998823733295175
      ]
    ]
  },
  {
    "index": 3,
    "origin_world": [
      -22.690711506564867,
      -38.123235758075474,
      13.414918922662585
    ],
    "rotation_world": [
      [
        0.9998003347762482,
        -0.018543122891387084,
        -0.007446017374178734
      ],
      [
        0.018585968962209876,
        0.9998108645593875,
        0.0057268548737986775
      ],
      [
        0.007338415294695869,
        -0.005864102867847469,
        0.9999558790059278
      ]
    ]
  },
  {
    "index": 4,
    "origin_world": [
      28.12944514563467,
      -37.910680893253364,
      13.608991672776936
    ],
    "rotation_world": [
      [
        0.9997840837958661,
        -0.019355310994914946,
        0.007560272796066256
      ],
      [
        0.01917196656362182,
        0.9995373003313228,
        0.0236139989085743
      ],
      [
        -0.008013830953057445,
        -0.023463954966307494,
        0.999692563406768
      ]
    ]
  },
  {
    "index": 5,
    "origin_world": [
      -141.1506102971382,
      -37.013884489222846,
      63.83694415837307
    ],
    "rotation_world": [
      [
        0.8923733701735305,
        -0.013639364238681263,
        0.45109171567243395
      ],
      [
        0.0025763740391845295,
        0.9996808723820869,
        0.02512997592914998
      ],
      [
        -0.45129051674275794,
        -0.0212631403267256,
        0.8921237292895533
      ]
    ]
  },
  {
    "index": 6,
    "origin_world": [
      -76.3626564302518,
      -36.79113391152862,
      69.54584460278336
    ],
    "rotation_world": [
      [
        0.881598125425563,
        -0.013525928439747608,
        0.4718069462248058
      ],
      [
        0.0034207426295821824,
        0.9997461578671382,
        0.022269224273807783
      ],
      [
        -0.47198839367721324,
        -0.018018576240586198,
        0.8814206073970963
      ]
    ]
  },
  {
    "index": 7,
    "origin_world": [
      15.563412233163168,
      -36.731280459786326,
      61.51202930724232
    ],
    "rotation_world": [
      [
        0.8505372876377413,
        -0.01473166735517303,
        0.5257083795363854
      ],
      [
        0.00437454012123562,
        0.9997711934488832,
        0.020938580384627897
      ],
      [
        -0.5258965542162862,
        -0.015509310968974524,
        0.8504071234042577
      ]
    ]
  },
  {
    "index": 8,
    "origin_world": [
      38.885333709884534,
      -36.6395696522616,
      59.9704192959742
    ],
    "rotation_world": [
      [
        0.888085826840498,
        -0.015892796987074218,
        0.4594028549856402
      ],
      [
        0.006614145974194985,
        0.9997404842024434,
        0.02179947980333088
      ],
      [
        -0.459630087394267,
        -0.016321251501996883,
        0.8879604718180574
      ]
    ]
  },
  {
    "index": 9,
    "origin_world": [
      49.19728108864576,
      -37.83271279680921,
      12.832989092878178
    ],
    "rotation_world": [
      [
        0.922262692870043,
        -0.022372001972423283,
        -0.3859158183695541
      ],
      [
        0.02886749950671693,
        0.9995222332020678,
        0.011044129978446256
      ],
      [
        0.38548436130707875,
        -0.021326013750745984,
        0.9224678901323213
      ]
    ]
  },
  {
    "index": 10,
    "origin_world": [
      -9.212565708260854,
      -37.82549517692142,
      22.043786937368004
    ],
    "rotation_world": [
      [
        0.8831695407976612,
        -0.019620810133256162,
        -0.4686433462847442
      ],
      [
        0.0288511382149539,
        0.9995052567859914,
        0.012524115971626632
      ],
      [
        0.46816575486781337,
        -0.02458181170873781,
        0.8832986813655767
      ]
    ]
  },
  {
    "index": 11,
    "origin_world": [
      -89.87947444209921,
      -38.24780881832345,
      10.454474091929308
    ],
    "rotation_world": [
      [
        0.9183841324749245,
        -0.017605060542593278,
        -0.3952981748776142
      ],
      [
        0.02419266197544664,
        0.9996390111846486,
        0.011685992654446304
      ],
      [
        0.3949497440495727,
        -0.020295545350387117,
        0.9184785193536685
      ]
    ]
  },
  {
    "index": 12,
    "origin_world": [
      -148.50054628283368,
      25.159755065804127,
      24.48677332555839
    ],
    "rotation_world": [
      [
        0.9999160795845657,
        -0.012812166925391034,
        0.0019188973157673378
      ],
      [
        0.012817664943769565,
        0.9999137003839939,
        -0.002880841852243048
      ],
      [
        -0.00188182188896924,
        0.0029051958736530095,
        0.9999940092737125
      ]
    ]
  },
  {
    "index": 13,
    "origin_world": [
      -84.35859766753153,
      25.172003900324196,
      23.41906797841805
    ],
    "rotation_world": [
      [
        0.9998946388184136,
        -0.01428759538706929,
        0.002564347919013397
      ],
      [
        0.014295163779282999,
        0.9998934443722332,
        -0.0029577345985162453
      ],
      [
        -0.002521815758105136,
        0.002994080741593484,
        0.9999923379335438
      ]
    ]
  },
  {
    "index": 14,
    "origin_world": [
      -11.299339057619346,
      25.221208637793936,
      21.195150037644684
    ],
    "rotation_world": [
      [
        0.9996852563843214,
        -0.018264398576562063,
        -0.017198834624798657
      ],
      [
        0.01810287381506134,
        0.9997909872408577,
        -0.009500936353169143
      ],
      [
        0.017368768737324514,
        0.00918659766113017,
        0.9998069475133495
      ]
    ]
  },
  {
    "index": 15,
    "origin_world": [
      38.20215157518918,
      25.372622879694767,
      13.76243261551343
    ],
    "rotation_world": [
      [
        0.9998352887012361,
        -0.01677735272805309,
        -0.006922131402627461
      ],
      [
        0.016973652622086215,
        0.9994251378528234,
        0.029347724690843444
      ],
      [
        0.006425775002402229,
        -0.029460384642826472,
        0.9995452941974741
      ]
    ]
  },
  {
    "index": 16,
    "origin_world": [
      28.428945118255083,
      26.474567205228038,
      63.29715912023642
    ],
    "rotation_world": [
      [
        0.809334626409757,
        -0.01432845945751193,
        0.587173021982237
      ],
      [
        0.002166222902768405,
        0.999768412177518,
        0.02141096659143622
      ],
      [
        -0.5873438260274074,
        -0.01605668899924617,
        0.8091782330030064
      ]
    ]
  },
  {
    "index": 17,
    "origin_world": [
      69.12312258407883,
      26.621237739231788,
      60.7557610880715
    ],
    "rotation_world": [
      [
        0.8854342003837761,
        -0.016267523259711186,
        0.4644799720953941
      ],
      [
        0.006857169144073173,
        0.9997357274748584,
        0.02194207013125997
      ],
      [
        -0.4647141659365171,
        -0.016243241588744402,
        0.8853117536103408
      ]
    ]
  },
  {
    "index": 18,
    "origin_world": [
      -55.57047021501894,
      26.67552080457705,
      77.36776852951257
    ],
    "rotation_world": [
      [
        0.8665358426606916,
        -0.01203543816589975,
        0.4989697201358818
      ],
      [
        0.0010846770307079052,
        0.9997522746318949,
        0.022230898409446264
      ],
      [
        -0.49911367128146705,
        -0.0187226492918836,
        0.8663342343134252
      ]
    ]
  },
  {
    "index": 19,
    "origin_world": [
      -142.5467838280853,
      26.259654620955427,
      69.45214195720244
    ],
    "rotation_world": [
      [
        0.8698859196811433,
        -0.011636792864940244,
        0.4931156779015558
      ],
      [
        0.0006996868401842306,
        0.9997497768936394,
        0.022358310299394082
      ],
      [
        -0.4932524679906002,
        -0.01910415276678855,
        0.8696763962349703
      ]
    ]
  },
  {
    "index": 20,
    "origin_world": [
      -126.00592959570331,
      25.4395724281095,
      84.91398101650553
    ],
    "rotation_world": [
      [
        0.817121478836659,
        0.20158511757297928,
        0.5400703002358848
      ],
      [
        -0.03107404940151741,
        0.9509054604837701,
        -0.30791753551225526
      ],
      [
        -0.575627390138432,
        0.23482386078769144,
        0.7832693420064263
      ]
    ]
  },
  {
    "index": 21,
    "origin_world": [
      -126.65175578932526,
      -37.537078994450944,
      93.49441411047448
    ],
    "rotation_world": [
      [
        0.8597849107887486,
        0.18056963255576364,
        0.4776656937426631
      ],
      [
        -0.02870359048748018,
        0.9510056021274218,
        -0.30783834818843925
      ],
      [
        -0.5098490081123136,
        0.2509640462714456,
        0.8228432635720812
      ]
    ]
  },
  {
    "index": 22,
    "origin_world": [
      -50.286053011192244,
      -38.056116724495496,
      64.13288940789347
    ],
    "rotation_world": [
      [
        0.9973381421271834,
        0.036571273002275737,
        0.06308068047580168
      ],
      [
        -0.015416733230093505,
        0.9513292827162784,
        -0.3077903835129411
      ],
      [
        -0.07126678465322607,
        0.3059985912345419,
        0.9493607889352005
      ]
    ]
  },
  {
    "index": 23,
    "origin_world": [
      12.295465436550172,
      -37.3449103718911,
      86.09533006707463
    ],
    "rotation_world": [
      [
        0.9069964025470323,
        0.14886918185541714,
        0.39394859113904973
      ],
      [
        -0.02267287358462672,
        0.9513418425643735,
        -0.30730219554965504
      ],
      [
        -0.42052760500371306,
        0.26979003925260403,
        0.8662389209392057
      ]
    ]
  },
  {
    "index": 24,
    "origin_world": [
      18.323137558525296,
      -37.54901127144643,
      75.76353953067942
    ],
    "rotation_world": [
      [
        0.9982075936713775,
        0.029876801954577894,
        0.05185534342539825
      ],
      [
        -0.012501514533997714,
        0.95145473597103,
        -0.30753470947627
      ],
      [
        -0.05852616569668054,
        0.30633521198723546,
        0.9501228477547418
      ]
    ]
  },
  {
    "index": 25,
    "origin_world": [
      19.933695430480082,
      25.563055494029463,
      77.08094460192372
    ],
    "rotation_world": [
      [
        0.9157152885880802,
        0.14253428340502305,
        0.37569866688646386
      ],
      [
        -0.022139859700156538,
        0.9514510203837147,
        -0.30700290295573024
      ],
      [
        -0.40121731874198413,
        0.27280933610308267,
        0.874413934745146
      ]
    ]
  },
  {
    "index": 26,
    "origin_world": [
      -49.24761988632109,
      24.73556311543051,
      52.34935262234305
    ],
    "rotation_world": [
      [
        0.9984009382511779,
        0.031758292504575104,
        0.04676512970538711
      ],
      [
        -0.015982225549954328,
        0.9521012074348286,
        -0.30536512451098885
      ],
      [
        -0.054223011403261426,
        0.3041294159701347,
        0.9510863070069017
      ]
    ]
  },
  {
    "index": 27,
    "origin_world": [
      -126.88434750599463,
      -40.51783928309094,
      78.25553921192036
    ],
    "rotation_world": [
      [
        0.9343816540241504,
        -0.06567801086157428,
        0.35016756490623113
      ],
      [
        -0.06539000095103645,
        0.9345502035966677,
        0.34977144642330393
      ],
      [
        -0.3502214619333259,
        -0.34971748004166686,
        0.8689318798125606
      ]
    ]
  },
  {
    "index": 28,
    "origin_world": [
      -59.975252733129864,
      -40.965241291813236,
      58.41594804480262
    ],
    "rotation_world": [
      [
        0.9944894682182966,
        0.02450642562194469,
        0.10193200040284765
      ],
      [
        -0.05996050592439081,
        0.9305267204813701,
        0.36128210611581224
      ],
      [
        -0.08599671698490084,
        -0.36540314390194023,
        0.9268684410931235
      ]
    ]
  },
  {
    "index": 29,
    "origin_world": [
      9.451808117915228,
      -40.56119059752453,
      65.72842977392754
    ],
    "rotation_world": [
      [
        0.9299607551184353,
        -0.07540429926140003,
        0.35984327920977977
      ],
      [
        -0.0647859933301512,
        0.929818568119346,
        0.3622709006375129
      ],
      [
        -0.36190574602757536,
        -0.36021052460108155,
        0.8598096353023951
      ]
    ]
  },
  {
    "index": 30,
    "origin_world": [
      5.327308020347602,
      -40.997980038791724,
      49.110738972867864
    ],
    "rotation_world": [
      [
        0.9944496486930514,
        0.021526673949404995,
        0.1029878561916059
      ],
      [
        -0.057670556797748886,
        0.9302253350125362,
        0.3624292109908529
      ],
      [
        -0.08800001757331931,
        -0.3663569685559298,
        0.9263037128812583
      ]
    ]
  },
  {
    "index": 31,
    "origin_world": [
      60.034966071629945,
      18.06076547722126,
      1.7091246783984477
    ],
    "rotation_world": [
      [
        -0.9991595312478684,
        -0.0409284977990837,
        -0.00225592208432961
      ],
      [
        0.04087435134630008,
        -0.9989576632103498,
        0.020319313850043822
      ],
      [
        -0.003085209645936936,
        0.02021002674980334,
        0.999790996308835
      ]
    ]
  },
  {
    "index": 32,
    "origin_world": [
      1.063115998995585,
      109.19299871481994,
      3.1386537054966297
    ],
    "rotation_world": [
      [
        -0.9950483536862834,
        -0.09814184180509114,
        -0.015714729183858175
      ],
      [
        0.09793173132205371,
        -0.9950998523577042,
        0.013625705043796088
      ],
      [
        -0.016974976479589638,
        0.01201926473541175,
        0.9997836703251046
      ]
    ]
  },
  {
    "index": 33,
    "origin_world": [
      22.03889295101284,
      -99.5445523313769,
      4.077293110638403
    ],
    "rotation_world": [
      [
        0.9692092675444467,
        0.2441162308327704,
        0.0322592862593021
      ],
      [
        -0.24493079937121853,
        0.9692368934479682,
        0.02426412781675563
      ],
      [
        -0.02534362297174373,
        -0.03141831031951838,
        0.999184963133119
      ]
    ]
  },
  {
    "index": 34,
    "origin_world": [
      -30.56645935858235,
      4.580412423777287,
      5.337384874674837
    ],
    "rotation_world": [
      [
        -0.9989752788473389,
        0.04332274778169462,
        -0.013097014030887852
      ],
      [
        -0.04344561068786019,
        -0.9990130026697419,
        0.009246589033029554
      ],
      [
        -0.012683499668486085,
        0.009806121630416848,
        0.9998714761481743
      ]
    ]
  },
  {
    "index": 35,
    "origin_world": [
      -18.861372341656985,
      55.41022527666432,
      1.7766650913418323
    ],
    "rotation_world": [
      [
        0.0773569786871241,
        0.9965622385207865,
        0.029658095064230998
      ],
      [
        -0.9967280425027225,
        0.07800054765641506,
        -0.021192542414493726
      ],
      [
        -0.023433035165990605,
        -0.02792166398584666,
        0.9993354159355962
      ]
    ]
  },
  {
    "index": 36,
    "origin_world": [
      38.82804300878187,
      20.836830288224608,
      0.5124600317090917
    ],
    "rotation_world": [
      [
        0.44326793931833836,
        0.8958960408901218,
        0.02972907482381619
      ],
      [
        -0.89604427062682,
        0.4437735552498537,
        -0.013026770043099245
      ],
      [
        -0.024863608936052464,
        -0.02086421765393807,
        0.9994731038764195
      ]
    ]
  },
  {
    "index": 37,
    "origin_world": [
      44.82153256867066,
      -114.81437247977217,
      -0.5316579163005759
    ],
    "rotation_world": [
      [
        0.9952100890611772,
        0.09566907626530076,
        0.02010737370685898
      ],
      [
        -0.09594228526057932,
        0.995300813778345,
        0.01309075976182236
      ],
      [
        -0.018760504519357523,
        -0.01495720357246625,
        0.9997121213286707
      ]
    ]
  },
  {
    "index": 38,
    "origin_world": [
      39.68840419060039,
      38.917515241444704,
      -0.0496359230234793
    ],
    "rotation_world": [
      [
        0.9993999397988584,
        -0.00788692760031874,
        0.0337276845197754
      ],
      [
        0.006718610022895918,
        0.9993781776385898,
        0.0346138460609517
      ],
      [
        -0.03397970878919371,
        -0.03436647251025845,
        0.9988314797591249
      ]
    ]
  },
  {
    "index": 39,
    "origin_world": [
      -139.20089881350376,
      30.878974856182055,
      -0.03318071963760566
    ],
    "rotation_world": [
      [
        0.9917908890858117,
        -0.1276985519034885,
        0.006626625697043137
      ],
      [
        0.12762481801168613,
        0.9917662840770681,
        0.010561420143527869
      ],
      [
        -0.00792074200189893,
        -0.009628998375541611,
        0.999922269097165
      ]
    ]
  }
]