[
  {
    "index": 0,
    "origin_world": [
      -54.999999999999936,
      -40.0,
      9.237055564881302e-14
    ],
    "rotation_world": [
      [
        0.9999999999999987,
        -8.115005512672029e-19,
        3.81795859428731e-18
      ],
      [
        -8.115005512672029e-19,
        1.0,
        4.0335637893246054e-18
      ],
      [
        3.81795859428731e-18,
        4.0335637893246054e-18,
        1.0
      ]
    ]
  },
  {
    "index": 1,
    "origin_world": [
      -125.35067098471775,
      -37.938802373746306,
      66.18069137078427
    ],
    "rotation_world": [
      [
        0.9501414438234567,
        -0.009281045607027498,
        0.31168108528031496
      ],
      [
        -0.004685639767606297,
        0.9990191298449386,
        0.044032067676070256
      ],
      [
        -0.3117840302341399,
        -0.04329711764427373,
        0.9491659908017434
      ]
    ]
  },
  {
    "index": 2,
    "origin_world": [
      -131.30303070023575,
      -37.51681383941675,
      113.02252839244862
    ],
    "rotation_world": [
      [
        0.7243498951614592,
        -0.019082171162273297,
        0.6891684120179304
      ],
      [
        -0.007333156723943151,
        0.999347093533705,
        0.03537812117959772
      ],
      [
        -0.6893935408691069,
        -0.030679918341969523,
        0.7237370298792823
      ]
    ]
  },
  {
    "index": 3,
    "origin_world": [
      -141.1608580830165,
      -38.211087353252545,
      35.398523788680365
    ],
    "rotation_world": [
      [
        0.9999696318963786,
        0.0017923767458952972,
        -0.007584370153162871
      ],
      [
        -0.0016332959066513344,
        0.9997796244076144,
        0.0209292848384977
      ],
      [
        0.007620211906550246,
        -0.020916261735081324,
        0.9997521904779848
      ]
    ]
  },
  {
    "index": 4,
    "origin_world": [
      -41.13403596950831,
      -38.10341393953307,
      36.22507592353459
    ],
    "rotation_world": [
      [
        0.9983996003714098,
        -0.003419610461073599,
        0.0564494839879124
      ],
      [
        -0.0009126632948467667,
        0.9970659086325449,
        0.07654241235072375
      ],
      [
        -0.05654560127823653,
        -0.07647143327447514,
        0.9954670837697399
      ]
    ]
  },
  {
    "index": 5,
    "origin_world": [
      -46.96837972516146,
      -37.83352966471011,
      74.26756416639428
    ],
    "rotation_world": [
      [
        0.9291853717540631,
        -0.011124453087224474,
        0.36944660163787185
      ],
      [
        -0.005459348193750193,
        0.9990248580011528,
        0.04381242532747742
      ],
      [
        -0.3695737280104767,
        -0.04272680235269812,
        0.9282185518104838
      ]
    ]
  },
  {
    "index": 6,
    "origin_world": [
      -47.320140404216986,
      -37.527669683233306,
      107.47106840391066
    ],
    "rotation_world": [
      [
        0.7596161246575801,
        -0.01961138454417759,
        0.6500759469142502
      ],
      [
        -0.007803739348693877,
        0.9991984633996438,
        0.03926235336767692
      ],
      [
        -0.6503248763597906,
        -0.03489733995666541,
        0.7588542223981968
      ]
    ]
  },
  {
    "index": 7,
    "origin_world": [
      15.031204618554206,
      -38.185576413851464,
      34.467848478854506
    ],
    "rotation_world": [
      [
        0.9985354852002647,
        -0.003748326199013431,
        0.053970685066760025
      ],
      [
        0.0006441072207923573,
        0.9983499237097938,
        0.05741963910141683
      ],
      [
        -0.05409685685654695,
        -0.057300784282194796,
        0.996890239795178
      ]
    ]
  },
  {
    "index": 8,
    "origin_world": [
      54.9717443474351,
      -37.72689637039756,
      81.00921433672713
    ],
    "rotation_world": [
      [
        0.8960783779395283,
        -0.0157453229526373,
        0.4436165296676627
      ],
      [
        -0.002312771857952282,
        0.9991915471971141,
        0.04013605730724389
      ],
      [
        -0.4438898418251947,
        -0.03699103695430089,
        0.8953175255234588
      ]
    ]
  },
  {
    "index": 9,
    "origin_world": [
      57.503651432014664,
      -37.48836606081436,
      102.90068925067821
    ],
    "rotation_world": [
      [
        0.7916078556672445,
        -0.020340961276793475,
        0.6106907958535494
      ],
      [
        -0.004735612856133802,
        0.9992114924573973,
        0.03942039208249405
      ],
      [
        -0.6110111102236873,
        -0.03409748722995181,
        0.7908873399845395
      ]
    ]
  },
  {
    "index": 10,
    "origin_world": [
      65.85612240024992,
      33.69078094982454,
      73.50701653418187
    ],
    "rotation_world": [
      [
        0.9094395805375189,
        -0.014098647580171519,
        0.4155970133291989
      ],
      [
        -0.003154498350778654,
        0.9991624218947381,
        0.04079833101483873
      ],
      [
        -0.4158241196610598,
        -0.03841461713790129,
        0.908633379696263
      ]
    ]
  },
  {
    "index": 11,
    "origin_world": [
      -15.745373630282318,
      33.60368762261686,
      79.73915895538646
    ],
    "rotation_world": [
      [
        0.8959134919637839,
        -0.012982853849122273,
        0.4440388050871108
      ],
      [
        -0.005350569377841548,
        0.9991849600854755,
        0.04000983561975405
      ],
      [
        -0.44419633758574606,
        -0.03822121197606331,
        0.8951138210476314
      ]
    ]
  },
  {
    "index": 12,
    "origin_world": [
      -31.90956380125815,
      33.13877396571276,
      31.219244329268605
    ],
    "rotation_world": [
      [
        0.9990744372883327,
        -0.001160643992128655,
        0.042999089089455295
      ],
      [
        -0.0012994060296788144,
        0.9983653536617855,
        0.05713958480552786
      ],
      [
        -0.04299511950174594,
        -0.057142571812105296,
        0.997439795770015
      ]
    ]
  },
  {
    "index": 13,
    "origin_world": [
      -26.00682235423789,
      33.30631808219865,
      28.636860697751047
    ],
    "rotation_world": [
      [
        0.9471506959453373,
        0.009039042056161736,
        -0.3206615893570186
      ],
      [
        -0.0006897359117826659,
        0.999658007142812,
        0.02614178684852134
      ],
      [
        0.3207882220946312,
        -0.02453903979312282,
        0.9468330117245581
      ]
    ]
  },
  {
    "index": 14,
    "origin_world": [
      -147.06282591944225,
      33.28375838012124,
      36.388713297842344
    ],
    "rotation_world": [
      [
        0.99842191211456,
        0.0020493548576364672,
        0.056120277566779515
      ],
      [
        -0.0028911563392041107,
        0.9998844678712351,
        0.014922872541152097
      ],
      [
        -0.05608321161031328,
        -0.015061575433024036,
        0.9983124873109362
      ]
    ]
  },
  {
    "index": 15,
    "origin_world": [
      -129.54374071465213,
      33.68488564090871,
      86.98397589342329
    ],
    "rotation_world": [
      [
        0.914381270863429,
        -0.010003429203771272,
        0.40473055592374546
      ],
      [
        -0.005684421932625193,
        0.9992789245204163,
        0.03754088912921395
      ],
      [
        -0.4048142522706816,
        -0.03662734516021029,
        0.9136650692376522
      ]
    ]
  },
  {
    "index": 16,
    "origin_world": [
      -129.96960639050215,
      30.268853804027806,
      60.32917013834463
    ],
    "rotation_world": [
      [
        0.9990152689200807,
        -0.038331429981728546,
        0.022342648457435756
      ],
      [
        0.04253370242848617,
        0.9707101924299841,
        -0.23645846669186596
      ],
      [
        -0.012624445423926798,
        0.23717593425155747,
        0.971384681570406
      ]
    ]
  },
  {
    "index": 17,
    "origin_world": [
      -38.73014801633581,
      30.31844777635692,
      67.29128829879616
    ],
    "rotation_world": [
      [
        0.9989661287745852,
        -0.03975657714056016,
        0.02204740654100564
      ],
      [
        0.04387996531180983,
        0.9700217348693511,
        -0.23902381162823258
      ],
      [
        -0.011883694936847624,
        0.23974413122143604,
        0.9707633745354873
      ]
    ]
  },
  {
    "index": 18,
    "origin_world": [
      33.302485366317434,
      30.336706851501333,
      62.90442935885622
    ],
    "rotation_world": [
      [
        0.9977269463592894,
        -0.032043466788612356,
        0.059280323419613284
      ],
      [
        0.045384678676613346,
        0.9698013492967663,
        -0.23963633665116849
      ],
      [
        -0.049811358644263254,
        0.241782048833942,
        0.9690512212528675
      ]
    ]
  },
  {
    "index": 19,
    "origin_world": [
      -144.10454169832101,
      -41.03675803354366,
      83.69933064787429
    ],
    "rotation_world": [
      [
        0.9073239778013549,
        0.06416538301868996,
        0.4155069228409913
      ],
      [
        0.03915361844765267,
        0.971094794299,
        -0.2354610257512661
      ],
      [
        -0.41860505666938685,
        0.2299080340211007,
        0.8785852846612968
      ]
    ]
  },
  {
    "index": 20,
    "origin_world": [
      -41.33643619128817,
      -41.28303402673138,
      52.9590491731933
    ],
    "rotation_world": [
      [
        0.9944075973435723,
        -0.019567538088989887,
        0.1037817026190981
      ],
      [
        0.04391719806548257,
        0.9703071300449683,
        -0.23785574009885557
      ],
      [
        -0.09604587476544825,
        0.24108335661557623,
        0.9657401333192625
      ]
    ]
  },
  {
    "index": 21,
    "origin_world": [
      40.518171048581834,
      -41.17028728244628,
      50.37779939342757
    ],
    "rotation_world": [
      [
        0.9978811672208553,
        -0.03371818901268649,
        0.055644045823847334
      ],
      [
        0.04618919070553366,
        0.9694577643861836,
        -0.24086967790344752
      ],
      [
        -0.04582286293881606,
        0.24292946877858906,
        0.968961061359559
      ]
    ]
  },
  {
    "index": 22,
    "origin_world": [
      -65.88409159756137,
      -136.25899652448973,
      43.65017952650627
    ],
    "rotation_world": [
      [
        0.46577339374014065,
        -0.8815128203155761,
        0.07739698510322708
      ],
      [
        0.8847456033736689,
        0.4655603208605335,
        -0.021881612170941415
      ],
      [
        -0.01674404356043814,
        0.07866851504582253,
        0.9967602027296893
      ]
    ]
  },
  {
    "index": 23,
    "origin_world": [
      74.07981919244553,
      -136.1418887235818,
      38.63295966695802
    ],
    "rotation_world": [
      [
        0.46269443084145184,
        -0.8843085220349226,
        0.06254839346230126
      ],
      [
        0.8864220484484557,
        0.46252859739212887,
        -0.017979116188336815
      ],
      [
        -0.013031335033246941,
        0.06376311199180795,
        0.9978799776808689
      ]
    ]
  },
  {
    "index": 24,
    "origin_world": [
      -64.7191041254714,
      14.370054485061953,
      4.530244869843445
    ],
    "rotation_world": [
      [
        -0.001598237112088476,
        -0.9998067881484886,
        0.01959163113004514
      ],
      [
        0.9988829014150815,
        -0.0006708899068098998,
        0.04724932980817086
      ],
      [
        -0.04722705685009289,
        0.01964526097905427,
        0.9986909776414038
      ]
    ]
  },
  {
    "index": 25,
    "origin_world": [
      14.65454751531824,
      -56.53788542912479,
      3.6849051600887233
    ],
    "rotation_world": [
      [
        -0.9436245343265938,
        -0.33096323000333344,
        0.006006546651665445
      ],
      [
        0.3310149080386843,
        -0.9433861839973473,
        0.021251788138064154
      ],
      [
        -0.0013670673208035374,
        0.022041965172919332,
        0.9997561117083789
      ]
    ]
  },
  {
    "index": 26,
    "origin_world": [
      82.8161570718109,
      39.24820765523754,
      1.0111076270474855
    ],
    "rotation_world": [
      [
        -0.9969061860549177,
        -0.07753275364107692,
        0.01291233202286578
      ],
      [
        0.07782019820943854,
        -0.9966907353413272,
        0.023486056191022283
      ],
      [
        0.011048663090182447,
        0.02441823494022901,
        0.9996407739014668
      ]
    ]
  },
  {
    "index": 27,
    "origin_world": [
      136.18380653040543,
      148.9009252802463,
      -3.3461018949871324
    ],
    "rotation_world": [
      [
        -0.959952417212504,
        0.27806055788740314,
        0.0342590547916245
      ],
      [
        -0.2770293456119493,
        -0.9603298429586791,
        0.03195832274657954
      ],
      [
        0.04178634176001314,
        0.021187705640428746,
        0.9989018884615296
      ]
    ]
  },
  {
    "index": 28,
    "origin_world": [
      16.711990838703638,
      -160.4076901632891,
      4.271415584241784
    ],
    "rotation_world": [
      [
        0.9475088588910016,
        -0.3195673642926611,
        0.010181453830993486
      ],
      [
        0.3196726912719067,
        0.947460359138177,
        -0.0113242358123272
      ],
      [
        -0.0060276677120878926,
        0.013984546499565122,
        0.9998840431175778
      ]
    ]
  }
]