[
  {
    "index": 0,
    "origin_world": [
      -54.99999999999998,
      -40.0,
      -3.552713678800501e-15
    ],
    "rotation_world": [
      [
        0.9999999999999993,
        -7.655750697506996e-18,
        -1.9126615861794572e-19
      ],
      [
        -7.655750697506996e-18,
        1.0,
        -5.344553095443636e-18
      ],
      [
        -1.9126615861794572e-19,
        -5.344553095443636e-18,
        1.0
      ]
    ]
  },
  {
    "index": 1,
    "origin_world": [
      -2.1154672517398048,
      -39.34129454377627,
      -8.551293105303724
    ],
    "rotation_world": [
      [
        0.9999995439862366,
        -0.0009471841077967008,
        0.00012194090861361565
      ],
      [
        0.0009473273903525828,
        0.9999988546477866,
        -0.001180370251429736
      ],
      [
        -0.0001208227410048557,
        0.0011804852311273872,
        0.9999992959279943
      ]
    ]
  },
  {
    "index": 2,
    "origin_world": [
      40.641352950107986,
      -38.68411474964625,
      -13.251105899565431
    ],
    "rotation_world": [
      [
        0.9994582044689522,
        -0.0026046817044164017,
        -0.03281025987273619
      ],
      [
        0.002330819252754886,
        0.9999621511276444,
        -0.008382338205114505
      ],
      [
        0.032830851364361424,
        0.008301321906335977,
        0.9994264471452108
      ]
    ]
  },
  {
    "index": 3,
    "origin_world": [
      126.30131500489911,
      -37.03405839547727,
      -10.523739015816538
    ],
    "rotation_world": [
      [
        0.9976869088354046,
        -0.006657253411863487,
        -0.06764992916082893
      ],
      [
        0.005843662850154742,
        0.9999082908431437,
        -0.012217262690017572
      ],
      [
        0.06772505845659096,
        0.011793679669781015,
        0.9976343145546357
      ]
    ]
  },
  {
    "index": 4,
    "origin_world": [
      25.744021757534735,
      24.495698348094106,
      -10.634906126773904
    ],
    "rotation_world": [
      [
        0.9999797637469888,
        -0.001344291275327681,
        0.006218116875873544
      ],
      [
        0.0012684702275607496,
        0.9999249983996246,
        0.012181484260653285
      ],
      [
        -0.006234025970168672,
        -0.01217335025692721,
        0.9999064688578254
      ]
    ]
  },
  {
    "index": 5,
    "origin_world": [
      -59.95720254581557,
      22.935659873820693,
      -14.97740411413351
    ],
    "rotation_world": [
      [
        0.9994714218361459,
        0.0007167838394974311,
        0.03250174078045813
      ],
      [
        -0.0008857807262091556,
        0.9999861627639509,
        0.0051855253479346644
      ],
      [
        -0.03249757414543025,
        -0.005211573808019205,
        0.9994582268274677
      ]
    ]
  },
  {
    "index": 6,
    "origin_world": [
      107.70215524654294,
      26.03520432843061,
      -7.158773266020667
    ],
    "rotation_world": [
      [
        0.999833419517463,
        -0.004314320139842577,
        0.017734707715302576
      ],
      [
        0.003824285219770606,
        0.999612475658867,
        0.027573054776519494
      ],
      [
        -0.01784679406991934,
        -0.027500639063157233,
        0.9994624589210661
      ]
    ]
  },
  {
    "index": 7,
    "origin_world": [
      100.09954090424772,
      26.515571069347395,
      24.913742240482634
    ],
    "rotation_world": [
      [
        0.7841048634451058,
        -0.003816147844071152,
        0.6206166289565276
      ],
      [
        -0.012901550303029783,
        0.9996647829036855,
        0.02244708938605464
      ],
      [
        -0.6204942490640108,
        -0.025607788615171875,
        0.7837927838662014
      ]
    ]
  },
  {
    "index": 8,
    "origin_world": [
      118.12970375449108,
      26.355676710043735,
      -2.237520303512068
    ],
    "rotation_world": [
      [
        0.854299431837489,
        -0.011937261601880592,
        -0.519644092189637
      ],
      [
        0.012358520847822218,
        0.999920112030923,
        -0.0026526436851043163
      ],
      [
        0.5196342441800749,
        -0.004155880353721358,
        0.8543787104872685
      ]
    ]
  },
  {
    "index": 9,
    "origin_world": [
      42.83082546274873,
      25.81463954149892,
      36.92400945406666
    ],
    "rotation_world": [
      [
        0.8217411803448607,
        -0.00023849908793959976,
        0.5698608388401681
      ],
      [
        -0.013992705948917205,
        0.999689958081323,
        0.02059591929460243
      ],
      [
        -0.5696890702002825,
        -0.024898410181127865,
        0.8214830688850441
      ]
    ]
  },
  {
    "index": 10,
    "origin_world": [
      30.85113738622991,
      24.291040730566447,
      -25.275780979597084
    ],
    "rotation_world": [
      [
        0.8434476487249585,
        -0.010359140025218167,
        -0.5371114894305248
      ],
      [
        0.010351699071295335,
        0.9999418291714696,
        -0.003029950420895179
      ],
      [
        0.5371116328908512,
        -0.003004411948062792,
        0.8435058193765885
      ]
    ]
  },
  {
    "index": 11,
    "origin_world": [
      29.780963168445584,
      24.42133186318069,
      -16.768750771086914
    ],
    "rotation_world": [
      [
        0.937289046977884,
        -0.007226000393159805,
        -0.3484781590481783
      ],
      [
        0.008468151766232765,
        0.9999620608476033,
        0.002041389496976699
      ],
      [
        0.34845018700088753,
        -0.004864337954169333,
        0.9373146778938832
      ]
    ]
  },
  {
    "index": 12,
    "origin_world": [
      -37.78338137992627,
      24.437566135041585,
      36.35268869268097
    ],
    "rotation_world": [
      [
        0.8804827350988996,
        0.0010428121945530266,
        0.4740770672954843
      ],
      [
        -0.011616459194962157,
        0.9997447886947874,
        0.019375638141399632
      ],
      [
        -0.47393587231663753,
        -0.02256701177253144,
        0.8802701397361643
      ]
    ]
  },
  {
    "index": 13,
    "origin_world": [
      -34.17974946825275,
      -38.843599320632606,
      41.10333162928743
    ],
    "rotation_world": [
      [
        0.9096643837334901,
        0.00029420681159545857,
        0.41534398082688206
      ],
      [
        -0.010538219681074585,
        0.9996941702720974,
        0.022372122159871954
      ],
      [
        -0.4152103742595106,
        -0.024728108830536003,
        0.9093892817385425
      ]
    ]
  },
  {
    "index": 14,
    "origin_world": [
      37.57727082762614,
      -37.53700059875292,
      46.33585343591169
    ],
    "rotation_world": [
      [
        0.8379880975961942,
        -0.0007652106293025405,
        0.5456879719581539
      ],
      [
        -0.01315222806197652,
        0.9996801974579397,
        0.02159911358044172
      ],
      [
        -0.5455299874288452,
        -0.025276812756909586,
        0.8377100426476551
      ]
    ]
  },
  {
    "index": 15,
    "origin_world": [
      117.48563970338829,
      -36.18442821145397,
      38.08633370050338
    ],
    "rotation_world": [
      [
        0.7986159237410655,
        -0.0020411144236986978,
        0.6018375529984092
      ],
      [
        -0.013827053326395427,
        0.9996680737672168,
        0.02173832760015257
      ],
      [
        -0.601682157740707,
        -0.0256822145161181,
        0.798322619568076
      ]
    ]
  },
  {
    "index": 16,
    "origin_world": [
      -10.93107956647985,
      -31.150223794896565,
      -14.021601541267138
    ],
    "rotation_world": [
      [
        0.661923220715301,
        0.7495684686885161,
        -0.002181885843968382
      ],
      [
        -0.749227410087685,
        0.6617046426284747,
        0.028376995916105156
      ],
      [
        0.022714265367454457,
        -0.017148663851029856,
        0.999594910689796
      ]
    ]
  },
  {
    "index": 17,
    "origin_world": [
      8.757053937556847,
      -29.669993456767436,
      44.690153060568996
    ],
    "rotation_world": [
      [
        0.5922623876257258,
        0.6644088314585098,
        0.4558356818896609
      ],
      [
        -0.7563921918519689,
        0.6534123656572418,
        0.030383095819573706
      ],
      [
        -0.2776618740649304,
        -0.3627853154224194,
        0.8895452201010393
      ]
    ]
  },
  {
    "index": 18,
    "origin_world": [
      102.09744722500375,
      -28.78782223007972,
      6.8450527739402585
    ],
    "rotation_world": [
      [
        0.652732223130741,
        0.7361833467778325,
        0.17881477795134737
      ],
      [
        -0.7511380436944648,
        0.6596244906134295,
        0.026213940906055156
      ],
      [
        -0.098652340071855,
        -0.15142526641866247,
        0.9835334790887316
      ]
    ]
  },
  {
    "index": 19,
    "origin_world": [
      54.58797038087293,
      -44.28889618777407,
      16.19279495829789
    ],
    "rotation_world": [
      [
        0.6116557779784048,
        0.781419294914027,
        -0.12353580372384575
      ],
      [
        -0.657169528943244,
        0.5887946303589243,
        0.47058377945803936
      ],
      [
        0.4404604630317535,
        -0.2066513217876005,
        0.8736645876475084
      ]
    ]
  },
  {
    "index": 20,
    "origin_world": [
      -15.673056255500812,
      -45.76612187276643,
      1.171859158745344
    ],
    "rotation_world": [
      [
        0.6003184062545518,
        0.7859550288515986,
        -0.14796115616903144
      ],
      [
        -0.6597203543819025,
        0.591233409374581,
        0.46390959211200417
      ],
      [
        0.452091655669745,
        -0.18088048060028825,
        0.8734388282024089
      ]
    ]
  },
  {
    "index": 21,
    "origin_world": [
      -0.9534493482706462,
      -26.797173278031313,
      57.29523406471334
    ],
    "rotation_world": [
      [
        0.697054661804579,
        0.6466191737674646,
        0.3098361543990386
      ],
      [
        -0.5934631169006906,
        0.7627973785597845,
        -0.2567911371929296
      ],
      [
        -0.40238827932113114,
        -0.004878870627746279,
        0.9154560990491991
      ]
    ]
  },
  {
    "index": 22,
    "origin_world": [
      30.08854791147042,
      23.317433784681484,
      16.774320134183004
    ],
    "rotation_world": [
      [
        0.9997168126684268,
        0.013408783960494797,
        0.019659577329659672
      ],
      [
        -0.007233032620186417,
        0.9582690943350235,
        -0.28577618179521047
      ],
      [
        -0.022671076445449405,
        0.2855530552367364,
        0.9580947108390537
      ]
    ]
  },
  {
    "index": 23,
    "origin_world": [
      72.60436685583007,
      -38.77659875469062,
      47.9084401110196
    ],
    "rotation_world": [
      [
        0.9083740007840747,
        0.13060004756081017,
        0.39724086179124096
      ],
      [
        -0.01629265324611477,
        0.9603089796995441,
        -0.2784622289622465
      ],
      [
        -0.41784114702807296,
        0.24647574137333442,
        0.8744475311673819
      ]
    ]
  },
  {
    "index": 24,
    "origin_world": [
      38.081938683406435,
      -63.08975387986694,
      -26.362738246232603
    ],
    "rotation_world": [
      [
        0.9997744720277291,
        0.01005478946624023,
        -0.018705782273536916
      ],
      [
        -0.009715077242396914,
        0.999787822604772,
        0.018163894003856224
      ],
      [
        0.018884447459474298,
        -0.017978069418006115,
        0.9996600255407594
      ]
    ]
  },
  {
    "index": 25,
    "origin_world": [
      -3.2634388877617546,
      -117.01004706202609,
      -25.059936000852723
    ],
    "rotation_world": [
      [
        0.956263274502367,
        -0.29200372174568473,
        -0.017157398540521715
      ],
      [
        0.2920904438184242,
        0.9563868012634968,
        0.002731116792195579
      ],
      [
        0.015611613240329312,
        -0.007623178841223927,
        0.9998490709484052
      ]
    ]
  },
  {
    "index": 26,
    "origin_world": [
      71.6526467552474,
      -115.74829419333648,
      -25.46893221478545
    ],
    "rotation_world": [
      [
        0.9557965948316455,
        -0.29367483305016834,
        -0.014420878655164625
      ],
      [
        0.29376922085006835,
        0.9558638905522864,
        0.004885449763398412
      ],
      [
        0.01234966353286707,
        -0.008905906534578375,
        0.9998840786008258
      ]
    ]
  },
  {
    "index": 27,
    "origin_world": [
      70.64572957142298,
      10.4814939254712,
      -26.432998493652992
    ],
    "rotation_world": [
      [
        0.9976756292471658,
        -0.06788309563418447,
        0.005934992282251033
      ],
      [
        0.06769337258304661,
        0.9973185545925389,
        0.027808415520875866
      ],
      [
        -0.007806799254691233,
        -0.027342018809316575,
        0.9995956521978414
      ]
    ]
  },
  {
    "index": 28,
    "origin_world": [
      -37.4383585756034,
      35.433815035233465,
      -29.328828182426818
    ],
    "rotation_world": [
      [
        0.9997547856001167,
        -0.012032514351354343,
        -0.018589977623701504
      ],
      [
        0.01235902688042666,
        0.9997695993314233,
        0.017550005904683554
      ],
      [
        0.01837452378251372,
        -0.017775456423675545,
        0.9996731515974088
      ]
    ]
  }
]